k-i£ºalpha^k_i(ij) 		 k-j £ºalpha^k_j(ij)
In-Sn:	0.4046485805143745,	In-Pb:	0.5953514194856254	in	Sn-Pb
Sn-In:	0.029904096775390167,	Sn-Pb:	0.9700959032246098	in	In-Pb
Pb-Sn:	0.9566141422302541,	Pb-In:	0.04338585776974587	in	Sn-In
