Mg-Mn:	0.19477216139643524,	Mg-Si:	0.002055479699664323	in	Mn-Si
Mn-Mg:	0.1594992032576233,	Mn-Si:	0.03391696257642767	in	Mn-Si
Si-Mn:	0.047905785701680664,	Si-Mg:	0.39801389755627586	in	Mn-Si
