Mg-Mn:	0.14801783880790864,	Mg-Fe:	0.057782995241491046	in	Mn-Fe
Mn-Mg:	0.0002874528170972311,	Mn-Fe:	0.9972863838636249	in	Mn-Fe
Fe-Mn:	0.9976260761724188,	Fe-Mg:	0.00011225364793165985	in	Mn-Fe
