Mg-Si:	0.002671939675342908,	Mg-Fe:	0.09883854234714899	in	Si-Fe
Si-Mg:	0.32866652750786085,	Si-Fe:	0.1518038391398979	in	Si-Fe
Fe-Si:	0.016681660567584546,	Fe-Mg:	0.08618244743797761	in	Si-Fe
