Mn-Si:	6.115523546723857e-05,	Mn-Fe:	0.9977656049941502	in	Si-Fe
Si-Mn:	0.0647493113174998,	Si-Fe:	0.24846928004154256	in	Si-Fe
Fe-Si:	2.1734568958019694e-05,	Fe-Mn:	0.9979250024496451	in	Si-Fe
