Ru-Sn:	0.10830896262081069,	Ru-Te:	0.08137857787444248	in	Sn-Te
Sn-Ru:	0.016577056491223468,	Sn-Te:	0.8003084109219611	in	Sn-Te
Te-Sn:	0.8069148679501752,	Te-Ru:	0.012558086029975083	in	Sn-Te
