Ru-Sn:	0.382954599467814,	Ru-Te:	0.40693210584719297	in	Sn-Te
Sn-Ru:	0.03794135079698141,	Sn-Te:	0.9400654874497616	in	Sn-Te
Te-Sn:	0.9377833449650952,	Te-Ru:	0.0402190549226698	in	Sn-Te
